0.000000 0.000000 0.000000 0.000000 0.000000 0.000000 0.000000 0.000000 0.000000 0.000000 
1.000000 1.000000 0.000000 0.000000 0.000000 0.000000 0.000000 0.000000 0.000000 0.000000 
0.100000 0.100000 1.000000 1.000000 1.000000 0.000000 0.000000 0.000000 0.000000 0.000000 
1.010000 1.010000 0.200000 0.200000 0.200000 1.000000 1.000000 1.000000 1.000000 1.000000 
0.101000 0.101000 0.030000 0.030000 0.030000 0.300000 0.300000 0.300000 0.300000 0.300000 
0.010100 0.010100 0.000000 0.000000 0.000000 0.060000 0.060000 0.060000 0.060000 0.060000 
0.001010 0.001010 0.000000 0.000000 0.000000 0.006000 0.006000 0.006000 0.006000 0.006000 
1.000101 1.000101 0.000000 0.000000 0.000000 0.000600 0.000600 0.000600 0.000600 0.000600 
1.100010 1.100010 0.998307 0.998307 0.998307 0.000060 0.000060 0.000060 0.000060 0.000060 
1.110001 1.110001 1.199781 1.199781 1.199781 0.998313 0.998313 0.998313 0.998313 0.998313 
0.111000 0.111000 0.231666 0.231666 0.231666 1.299612 1.299612 1.299612 1.299612 1.299612 
1.011100 1.011100 0.000000 0.000000 0.000000 0.361627 0.361627 0.361627 0.361627 0.361627 
1.101110 1.101110 0.532928 0.532928 0.532928 0.036163 0.036163 0.036163 0.036163 0.036163 
0.110111 0.110111 1.118240 1.118240 1.118240 0.536544 0.536544 0.536544 0.536544 0.536544 
1.011011 1.011011 0.000000 0.000000 0.000000 1.171895 1.171895 1.171895 1.171895 1.171895 
0.101101 0.101101 0.000000 0.000000 0.000000 0.117189 0.117189 0.117189 0.117189 0.117189 
0.010110 0.010110 0.000000 0.000000 0.000000 0.011719 0.011719 0.011719 0.011719 0.011719 
0.001011 0.001011 0.000000 0.000000 0.000000 0.001172 0.001172 0.001172 0.001172 0.001172 
0.000101 0.000101 0.000000 0.000000 0.000000 0.000117 0.000117 0.000117 0.000117 0.000117 
1.000010 1.000010 0.000000 0.000000 0.000000 0.000012 0.000012 0.000012 0.000012 0.000012 
0.100001 0.100001 0.999990 0.999990 0.999990 0.000001 0.000001 0.000001 0.000001 0.000001 
0.010000 0.010000 0.199999 0.199999 0.199999 0.999990 0.999990 0.999990 0.999990 0.999990 
0.001000 0.001000 0.000000 0.000000 0.000000 0.299998 0.299998 0.299998 0.299998 0.299998 
0.000100 0.000100 0.000000 0.000000 0.000000 0.030000 0.030000 0.030000 0.030000 0.030000 
0.000010 0.000010 0.000000 0.000000 0.000000 0.003000 0.003000 0.003000 0.003000 0.003000 
1.000001 1.000001 0.000000 0.000000 0.000000 0.000300 0.000300 0.000300 0.000300 0.000300 
0.100000 0.100000 0.998707 0.998707 0.998707 0.000030 0.000030 0.000030 0.000030 0.000030 
1.010000 1.010000 0.199841 0.199841 0.199841 0.998710 0.998710 0.998710 0.998710 0.998710 
0.101000 0.101000 0.031274 0.031274 0.031274 0.299712 0.299712 0.299712 0.299712 0.299712 
0.010100 0.010100 0.000000 0.000000 0.000000 0.061245 0.061245 0.061245 0.061245 0.061245 
0.001010 0.001010 0.000000 0.000000 0.000000 0.006125 0.006125 0.006125 0.006125 0.006125 
1.000101 1.000101 0.000000 0.000000 0.000000 0.000612 0.000612 0.000612 0.000612 0.000612 
1.100010 1.100010 0.998270 0.998270 0.998270 0.000061 0.000061 0.000061 0.000061 0.000061 
0.110001 0.110001 1.199776 1.199776 1.199776 0.998276 0.998276 0.998276 0.998276 0.998276 
1.011000 1.011000 0.000000 0.000000 0.000000 1.299603 1.299603 1.299603 1.299603 1.299603 
0.101100 0.101100 0.000000 0.000000 0.000000 0.129960 0.129960 0.129960 0.129960 0.129960 
0.010110 0.010110 0.000000 0.000000 0.000000 0.012996 0.012996 0.012996 0.012996 0.012996 
0.001011 0.001011 0.000000 0.000000 0.000000 0.001300 0.001300 0.001300 0.001300 0.001300 
0.000101 0.000101 0.000000 0.000000 0.000000 0.000130 0.000130 0.000130 0.000130 0.000130 
0.000010 0.000010 0.000000 0.000000 0.000000 0.000013 0.000013 0.000013 0.000013 0.000013 
1.000001 1.000001 0.000000 0.000000 0.000000 0.000001 0.000001 0.000001 0.000001 0.000001 
1.100000 1.100000 0.999998 0.999998 0.999998 0.000000 0.000000 0.000000 0.000000 0.000000 
0.110000 0.110000 1.200000 1.200000 1.200000 0.999998 0.999998 0.999998 0.999998 0.999998 
1.011000 1.011000 0.000000 0.000000 0.000000 1.300000 1.300000 1.300000 1.300000 1.300000 
0.101100 0.101100 0.000000 0.000000 0.000000 0.130000 0.130000 0.130000 0.130000 0.130000 
0.010110 0.010110 0.000000 0.000000 0.000000 0.013000 0.013000 0.013000 0.013000 0.013000 
0.001011 0.001011 0.000000 0.000000 0.000000 0.001300 0.001300 0.001300 0.001300 0.001300 
1.000101 1.000101 0.000000 0.000000 0.000000 0.000130 0.000130 0.000130 0.000130 0.000130 
0.100010 0.100010 0.999848 0.999848 0.999848 0.000013 0.000013 0.000013 0.000013 0.000013 
1.010001 1.010001 0.199982 0.199982 0.199982 0.999849 0.999849 0.999849 0.999849 0.999849 
1.101000 1.101000 0.030150 0.030150 0.030150 0.299967 0.299967 0.299967 0.299967 0.299967 
0.110100 0.110100 0.804048 0.804048 0.804048 0.060147 0.060147 0.060147 0.060147 0.060147 
1.011010 1.011010 0.130358 0.130358 0.130358 0.810063 0.810063 0.810063 0.810063 0.810063 
0.101101 0.101101 0.213983 0.213983 0.213983 0.211364 0.211364 0.211364 0.211364 0.211364 
1.010110 1.010110 0.000000 0.000000 0.000000 0.235119 0.235119 0.235119 0.235119 0.235119 
0.101011 0.101011 0.766104 0.766104 0.766104 0.023512 0.023512 0.023512 0.023512 0.023512 
1.010101 1.010101 0.154110 0.154110 0.154110 0.768456 0.768456 0.768456 0.768456 0.768456 
1.101010 1.101010 0.257057 0.257057 0.257057 0.230955 0.230955 0.230955 0.230955 0.230955 
0.110101 0.110101 0.895761 0.895761 0.895761 0.280152 0.280152 0.280152 0.280152 0.280152 
1.011010 1.011010 0.000000 0.000000 0.000000 0.923776 0.923776 0.923776 0.923776 0.923776 
1.101101 1.101101 0.079187 0.079187 0.079187 0.092378 0.092378 0.092378 0.092378 0.092378 
0.110110 0.110110 1.016642 1.016642 1.016642 0.088424 0.088424 0.088424 0.088424 0.088424 
0.011011 0.011011 0.123350 0.123350 0.123350 1.025485 1.025485 1.025485 1.025485 1.025485 
1.001101 1.001101 0.000000 0.000000 0.000000 0.225898 0.225898 0.225898 0.225898 0.225898 
1.100110 1.100110 0.674989 0.674989 0.674989 0.022590 0.022590 0.022590 0.022590 0.022590 
0.110011 0.110011 1.145019 1.145019 1.145019 0.677248 0.677248 0.677248 0.677248 0.677248 
0.011001 0.011001 0.000000 0.000000 0.000000 1.212744 1.212744 1.212744 1.212744 1.212744 
0.001100 0.001100 0.000000 0.000000 0.000000 0.121274 0.121274 0.121274 0.121274 0.121274 
0.000110 0.000110 0.000000 0.000000 0.000000 0.012127 0.012127 0.012127 0.012127 0.012127 
0.000011 0.000011 0.000000 0.000000 0.000000 0.001213 0.001213 0.001213 0.001213 0.001213 
0.000001 0.000001 0.000000 0.000000 0.000000 0.000121 0.000121 0.000121 0.000121 0.000121 
0.000000 0.000000 0.000000 0.000000 0.000000 0.000012 0.000012 0.000012 0.000012 0.000012 
1.000000 1.000000 0.000000 0.000000 0.000000 0.000001 0.000001 0.000001 0.000001 0.000001 
1.100000 1.100000 0.999992 0.999992 0.999992 0.000000 0.000000 0.000000 0.000000 0.000000 
1.110000 1.110000 1.199999 1.199999 1.199999 0.999992 0.999992 0.999992 0.999992 0.999992 
1.111000 1.111000 0.230008 0.230008 0.230008 1.299998 1.299998 1.299998 1.299998 1.299998 
1.111100 1.111100 0.000000 0.000000 0.000000 0.360008 0.360008 0.360008 0.360008 0.360008 
1.111110 1.111110 0.734492 0.734492 0.734492 0.036001 0.036001 0.036001 0.036001 0.036001 
1.111111 1.111111 1.148558 1.148558 1.148558 0.738092 0.738092 0.738092 0.738092 0.738092 
0.111111 0.111111 0.487875 0.487875 0.487875 1.222368 1.222368 1.222368 1.222368 1.222368 
0.011111 0.011111 0.000000 0.000000 0.000000 0.610111 0.610111 0.610111 0.610111 0.610111 
0.001111 0.001111 0.000000 0.000000 0.000000 0.061011 0.061011 0.061011 0.061011 0.061011 
1.000111 1.000111 0.000000 0.000000 0.000000 0.006101 0.006101 0.006101 0.006101 0.006101 
1.100011 1.100011 0.980968 0.980968 0.980968 0.000610 0.000610 0.000610 0.000610 0.000610 
1.110001 1.110001 1.197498 1.197498 1.197498 0.981029 0.981029 0.981029 0.981029 0.981029 
1.111000 1.111000 0.248722 0.248722 0.248722 1.295601 1.295601 1.295601 1.295601 1.295601 
1.111100 1.111100 0.000000 0.000000 0.000000 0.378282 0.378282 0.378282 0.378282 0.378282 
1.111110 1.111110 0.716845 0.716845 0.716845 0.037828 0.037828 0.037828 0.037828 0.037828 
0.111111 0.111111 1.144966 1.144966 1.144966 0.720628 0.720628 0.720628 0.720628 0.720628 
1.011111 1.011111 0.000000 0.000000 0.000000 1.217029 1.217029 1.217029 1.217029 1.217029 
0.101111 0.101111 0.000000 0.000000 0.000000 0.121703 0.121703 0.121703 0.121703 0.121703 
0.010111 0.010111 0.000000 0.000000 0.000000 0.012170 0.012170 0.012170 0.012170 0.012170 
1.001011 1.001011 0.000000 0.000000 0.000000 0.001217 0.001217 0.001217 0.001217 0.001217 
1.100101 1.100101 0.999127 0.999127 0.999127 0.000122 0.000122 0.000122 0.000122 0.000122 
1.110010 1.110010 1.199892 1.199892 1.199892 0.999139 0.999139 0.999139 0.999139 0.999139 
0.111001 0.111001 0.230860 0.230860 0.230860 1.299806 1.299806 1.299806 1.299806 1.299806 
0.011100 0.011100 0.000000 0.000000 0.000000 0.360841 0.360841 0.360841 0.360841 0.360841 
1.001110 1.001110 0.000000 0.000000 0.000000 0.036084 0.036084 0.036084 0.036084 0.036084 
1.100111 1.100111 0.918395 0.918395 0.918395 0.003608 0.003608 0.003608 0.003608 0.003608 
0.110011 0.110011 1.188342 1.188342 1.188342 0.918755 0.918755 0.918755 0.918755 0.918755 
0.011001 0.011001 0.000000 0.000000 0.000000 1.280218 1.280218 1.280218 1.280218 1.280218 
0.001100 0.001100 0.000000 0.000000 0.000000 0.128022 0.128022 0.128022 0.128022 0.128022 
1.000110 1.000110 0.000000 0.000000 0.000000 0.012802 0.012802 0.012802 0.012802 0.012802 
0.100011 0.100011 0.961234 0.961234 0.961234 0.001280 0.001280 0.001280 0.001280 0.001280 
1.010001 1.010001 0.194854 0.194854 0.194854 0.961362 0.961362 0.961362 0.961362 0.961362 
0.101000 0.101000 0.068125 0.068125 0.068125 0.290990 0.290990 0.290990 0.290990 0.290990 
1.010100 1.010100 0.000000 0.000000 0.000000 0.097224 0.097224 0.097224 0.097224 0.097224 
1.101010 1.101010 0.894558 0.894558 0.894558 0.009722 0.009722 0.009722 0.009722 0.009722 
1.110101 1.110101 1.180743 1.180743 1.180743 0.895531 0.895531 0.895531 0.895531 0.895531 
0.111010 0.111010 0.332645 0.332645 0.332645 1.270296 1.270296 1.270296 1.270296 1.270296 
1.011101 1.011101 0.000000 0.000000 0.000000 0.459674 0.459674 0.459674 0.459674 0.459674 
1.101110 1.101110 0.438824 0.438824 0.438824 0.045967 0.045967 0.045967 0.045967 0.045967 
0.110111 0.110111 1.099025 1.099025 1.099025 0.443421 0.443421 0.443421 0.443421 0.443421 
1.011011 1.011011 0.000000 0.000000 0.000000 1.143367 1.143367 1.143367 1.143367 1.143367 
0.101101 0.101101 0.000000 0.000000 0.000000 0.114337 0.114337 0.114337 0.114337 0.114337 
1.010110 1.010110 0.000000 0.000000 0.000000 0.011434 0.011434 0.011434 0.011434 0.011434 
1.101011 1.101011 0.995806 0.995806 0.995806 0.001143 0.001143 0.001143 0.001143 0.001143 
1.110101 1.110101 1.199448 1.199448 1.199448 0.995920 0.995920 0.995920 0.995920 0.995920 
1.111010 1.111010 0.234126 0.234126 0.234126 1.299040 1.299040 1.299040 1.299040 1.299040 
1.111101 1.111101 0.000000 0.000000 0.000000 0.364030 0.364030 0.364030 0.364030 0.364030 
1.111110 1.111110 0.730610 0.730610 0.730610 0.036403 0.036403 0.036403 0.036403 0.036403 
1.111111 1.111111 1.147768 1.147768 1.147768 0.734250 0.734250 0.734250 0.734250 0.734250 
0.111111 0.111111 0.491638 0.491638 0.491638 1.221193 1.221193 1.221193 1.221193 1.221193 
1.011111 1.011111 0.000000 0.000000 0.000000 0.613757 0.613757 0.613757 0.613757 0.613757 
0.101111 0.101111 0.291262 0.291262 0.291262 0.061376 0.061376 0.061376 0.061376 0.061376 
0.010111 0.010111 0.068862 0.068862 0.068862 0.297400 0.297400 0.297400 0.297400 0.297400 
0.001011 0.001011 0.000000 0.000000 0.000000 0.098602 0.098602 0.098602 0.098602 0.098602 
1.000101 1.000101 0.000000 0.000000 0.000000 0.009860 0.009860 0.009860 0.009860 0.009860 
0.000000 0.000000 0.000000 0.000000 0.000000 0.000000 0.000000 0.000000 0.000000 0.000000 
1.000000 1.000000 0.000000 0.000000 0.000000 0.000000 0.000000 0.000000 0.000000 0.000000 
0.100000 0.100000 1.000000 1.000000 1.000000 0.000000 0.000000 0.000000 0.000000 0.000000 
1.010000 1.010000 0.200000 0.200000 0.200000 1.000000 1.000000 1.000000 1.000000 1.000000 
0.101000 0.101000 0.030000 0.030000 0.030000 0.300000 0.300000 0.300000 0.300000 0.300000 
0.010100 0.010100 0.000000 0.000000 0.000000 0.060000 0.060000 0.060000 0.060000 0.060000 
0.001010 0.001010 0.000000 0.000000 0.000000 0.006000 0.006000 0.006000 0.006000 0.006000 
1.000101 1.000101 0.000000 0.000000 0.000000 0.000600 0.000600 0.000600 0.000600 0.000600 
1.100010 1.100010 0.998307 0.998307 0.998307 0.000060 0.000060 0.000060 0.000060 0.000060 
1.110001 1.110001 1.199781 1.199781 1.199781 0.998313 0.998313 0.998313 0.998313 0.998313 
0.111000 0.111000 0.231666 0.231666 0.231666 1.299612 1.299612 1.299612 1.299612 1.299612 
1.011100 1.011100 0.000000 0.000000 0.000000 0.361627 0.361627 0.361627 0.361627 0.361627 
1.101110 1.101110 0.532928 0.532928 0.532928 0.036163 0.036163 0.036163 0.036163 0.036163 
0.110111 0.110111 1.118240 1.118240 1.118240 0.536544 0.536544 0.536544 0.536544 0.536544 
1.011011 1.011011 0.000000 0.000000 0.000000 1.171895 1.171895 1.171895 1.171895 1.171895 
0.101101 0.101101 0.000000 0.000000 0.000000 0.117189 0.117189 0.117189 0.117189 0.117189 
0.010110 0.010110 0.000000 0.000000 0.000000 0.011719 0.011719 0.011719 0.011719 0.011719 
0.001011 0.001011 0.000000 0.000000 0.000000 0.001172 0.001172 0.001172 0.001172 0.001172 
0.000101 0.000101 0.000000 0.000000 0.000000 0.000117 0.000117 0.000117 0.000117 0.000117 
1.000010 1.000010 0.000000 0.000000 0.000000 0.000012 0.000012 0.000012 0.000012 0.000012 
0.100001 0.100001 0.999990 0.999990 0.999990 0.000001 0.000001 0.000001 0.000001 0.000001 
0.010000 0.010000 0.199999 0.199999 0.199999 0.999990 0.999990 0.999990 0.999990 0.999990 
0.001000 0.001000 0.000000 0.000000 0.000000 0.299998 0.299998 0.299998 0.299998 0.299998 
0.000100 0.000100 0.000000 0.000000 0.000000 0.030000 0.030000 0.030000 0.030000 0.030000 
0.000010 0.000010 0.000000 0.000000 0.000000 0.003000 0.003000 0.003000 0.003000 0.003000 
1.000001 1.000001 0.000000 0.000000 0.000000 0.000300 0.000300 0.000300 0.000300 0.000300 
0.100000 0.100000 0.998707 0.998707 0.998707 0.000030 0.000030 0.000030 0.000030 0.000030 
1.010000 1.010000 0.199841 0.199841 0.199841 0.998710 0.998710 0.998710 0.998710 0.998710 
0.101000 0.101000 0.031274 0.031274 0.031274 0.299712 0.299712 0.299712 0.299712 0.299712 
0.010100 0.010100 0.000000 0.000000 0.000000 0.061245 0.061245 0.061245 0.061245 0.061245 
0.001010 0.001010 0.000000 0.000000 0.000000 0.006125 0.006125 0.006125 0.006125 0.006125 
1.000101 1.000101 0.000000 0.000000 0.000000 0.000612 0.000612 0.000612 0.000612 0.000612 
1.100010 1.100010 0.998270 0.998270 0.998270 0.000061 0.000061 0.000061 0.000061 0.000061 
0.110001 0.110001 1.199776 1.199776 1.199776 0.998276 0.998276 0.998276 0.998276 0.998276 
1.011000 1.011000 0.000000 0.000000 0.000000 1.299603 1.299603 1.299603 1.299603 1.299603 
0.101100 0.101100 0.000000 0.000000 0.000000 0.129960 0.129960 0.129960 0.129960 0.129960 
0.010110 0.010110 0.000000 0.000000 0.000000 0.012996 0.012996 0.012996 0.012996 0.012996 
0.001011 0.001011 0.000000 0.000000 0.000000 0.001300 0.001300 0.001300 0.001300 0.001300 
0.000101 0.000101 0.000000 0.000000 0.000000 0.000130 0.000130 0.000130 0.000130 0.000130 
0.000010 0.000010 0.000000 0.000000 0.000000 0.000013 0.000013 0.000013 0.000013 0.000013 
1.000001 1.000001 0.000000 0.000000 0.000000 0.000001 0.000001 0.000001 0.000001 0.000001 
1.100000 1.100000 0.999998 0.999998 0.999998 0.000000 0.000000 0.000000 0.000000 0.000000 
0.110000 0.110000 1.200000 1.200000 1.200000 0.999998 0.999998 0.999998 0.999998 0.999998 
1.011000 1.011000 0.000000 0.000000 0.000000 1.300000 1.300000 1.300000 1.300000 1.300000 
0.101100 0.101100 0.000000 0.000000 0.000000 0.130000 0.130000 0.130000 0.130000 0.130000 
0.010110 0.010110 0.000000 0.000000 0.000000 0.013000 0.013000 0.013000 0.013000 0.013000 
0.001011 0.001011 0.000000 0.000000 0.000000 0.001300 0.001300 0.001300 0.001300 0.001300 
1.000101 1.000101 0.000000 0.000000 0.000000 0.000130 0.000130 0.000130 0.000130 0.000130 
0.100010 0.100010 0.999848 0.999848 0.999848 0.000013 0.000013 0.000013 0.000013 0.000013 
1.010001 1.010001 0.199982 0.199982 0.199982 0.999849 0.999849 0.999849 0.999849 0.999849 
1.101000 1.101000 0.030150 0.030150 0.030150 0.299967 0.299967 0.299967 0.299967 0.299967 
0.110100 0.110100 0.804048 0.804048 0.804048 0.060147 0.060147 0.060147 0.060147 0.060147 
1.011010 1.011010 0.130358 0.130358 0.130358 0.810063 0.810063 0.810063 0.810063 0.810063 
0.101101 0.101101 0.213983 0.213983 0.213983 0.211364 0.211364 0.211364 0.211364 0.211364 
1.010110 1.010110 0.000000 0.000000 0.000000 0.235119 0.235119 0.235119 0.235119 0.235119 
0.101011 0.101011 0.766104 0.766104 0.766104 0.023512 0.023512 0.023512 0.023512 0.023512 
1.010101 1.010101 0.154110 0.154110 0.154110 0.768456 0.768456 0.768456 0.768456 0.768456 
1.101010 1.101010 0.257057 0.257057 0.257057 0.230955 0.230955 0.230955 0.230955 0.230955 
0.110101 0.110101 0.895761 0.895761 0.895761 0.280152 0.280152 0.280152 0.280152 0.280152 
1.011010 1.011010 0.000000 0.000000 0.000000 0.923776 0.923776 0.923776 0.923776 0.923776 
1.101101 1.101101 0.079187 0.079187 0.079187 0.092378 0.092378 0.092378 0.092378 0.092378 
0.110110 0.110110 1.016642 1.016642 1.016642 0.088424 0.088424 0.088424 0.088424 0.088424 
0.011011 0.011011 0.123350 0.123350 0.123350 1.025485 1.025485 1.025485 1.025485 1.025485 
1.001101 1.001101 0.000000 0.000000 0.000000 0.225898 0.225898 0.225898 0.225898 0.225898 
1.100110 1.100110 0.674989 0.674989 0.674989 0.022590 0.022590 0.022590 0.022590 0.022590 
0.110011 0.110011 1.145019 1.145019 1.145019 0.677248 0.677248 0.677248 0.677248 0.677248 
0.011001 0.011001 0.000000 0.000000 0.000000 1.212744 1.212744 1.212744 1.212744 1.212744 
0.001100 0.001100 0.000000 0.000000 0.000000 0.121274 0.121274 0.121274 0.121274 0.121274 
0.000110 0.000110 0.000000 0.000000 0.000000 0.012127 0.012127 0.012127 0.012127 0.012127 
0.000011 0.000011 0.000000 0.000000 0.000000 0.001213 0.001213 0.001213 0.001213 0.001213 
0.000001 0.000001 0.000000 0.000000 0.000000 0.000121 0.000121 0.000121 0.000121 0.000121 
0.000000 0.000000 0.000000 0.000000 0.000000 0.000012 0.000012 0.000012 0.000012 0.000012 
1.000000 1.000000 0.000000 0.000000 0.000000 0.000001 0.000001 0.000001 0.000001 0.000001 
1.100000 1.100000 0.999992 0.999992 0.999992 0.000000 0.000000 0.000000 0.000000 0.000000 
1.110000 1.110000 1.199999 1.199999 1.199999 0.999992 0.999992 0.999992 0.999992 0.999992 
1.111000 1.111000 0.230008 0.230008 0.230008 1.299998 1.299998 1.299998 1.299998 1.299998 
1.111100 1.111100 0.000000 0.000000 0.000000 0.360008 0.360008 0.360008 0.360008 0.360008 
1.111110 1.111110 0.734492 0.734492 0.734492 0.036001 0.036001 0.036001 0.036001 0.036001 
1.111111 1.111111 1.148558 1.148558 1.148558 0.738092 0.738092 0.738092 0.738092 0.738092 
0.111111 0.111111 0.487875 0.487875 0.487875 1.222368 1.222368 1.222368 1.222368 1.222368 
0.011111 0.011111 0.000000 0.000000 0.000000 0.610111 0.610111 0.610111 0.610111 0.610111 
0.001111 0.001111 0.000000 0.000000 0.000000 0.061011 0.061011 0.061011 0.061011 0.061011 
1.000111 1.000111 0.000000 0.000000 0.000000 0.006101 0.006101 0.006101 0.006101 0.006101 
1.100011 1.100011 0.980968 0.980968 0.980968 0.000610 0.000610 0.000610 0.000610 0.000610 
1.110001 1.110001 1.197498 1.197498 1.197498 0.981029 0.981029 0.981029 0.981029 0.981029 
1.111000 1.111000 0.248722 0.248722 0.248722 1.295601 1.295601 1.295601 1.295601 1.295601 
1.111100 1.111100 0.000000 0.000000 0.000000 0.378282 0.378282 0.378282 0.378282 0.378282 
1.111110 1.111110 0.716845 0.716845 0.716845 0.037828 0.037828 0.037828 0.037828 0.037828 
0.111111 0.111111 1.144966 1.144966 1.144966 0.720628 0.720628 0.720628 0.720628 0.720628 
1.011111 1.011111 0.000000 0.000000 0.000000 1.217029 1.217029 1.217029 1.217029 1.217029 
0.101111 0.101111 0.000000 0.000000 0.000000 0.121703 0.121703 0.121703 0.121703 0.121703 
0.010111 0.010111 0.000000 0.000000 0.000000 0.012170 0.012170 0.012170 0.012170 0.012170 
1.001011 1.001011 0.000000 0.000000 0.000000 0.001217 0.001217 0.001217 0.001217 0.001217 
1.100101 1.100101 0.999127 0.999127 0.999127 0.000122 0.000122 0.000122 0.000122 0.000122 
1.110010 1.110010 1.199892 1.199892 1.199892 0.999139 0.999139 0.999139 0.999139 0.999139 
0.111001 0.111001 0.230860 0.230860 0.230860 1.299806 1.299806 1.299806 1.299806 1.299806 
0.011100 0.011100 0.000000 0.000000 0.000000 0.360841 0.360841 0.360841 0.360841 0.360841 
1.001110 1.001110 0.000000 0.000000 0.000000 0.036084 0.036084 0.036084 0.036084 0.036084 
1.100111 1.100111 0.918395 0.918395 0.918395 0.003608 0.003608 0.003608 0.003608 0.003608 
0.110011 0.110011 1.188342 1.188342 1.188342 0.918755 0.918755 0.918755 0.918755 0.918755 
0.011001 0.011001 0.000000 0.000000 0.000000 1.280218 1.280218 1.280218 1.280218 1.280218 
0.001100 0.001100 0.000000 0.000000 0.000000 0.128022 0.128022 0.128022 0.128022 0.128022 
1.000110 1.000110 0.000000 0.000000 0.000000 0.012802 0.012802 0.012802 0.012802 0.012802 
0.100011 0.100011 0.961234 0.961234 0.961234 0.001280 0.001280 0.001280 0.001280 0.001280 
1.010001 1.010001 0.194854 0.194854 0.194854 0.961362 0.961362 0.961362 0.961362 0.961362 
0.101000 0.101000 0.068125 0.068125 0.068125 0.290990 0.290990 0.290990 0.290990 0.290990 
1.010100 1.010100 0.000000 0.000000 0.000000 0.097224 0.097224 0.097224 0.097224 0.097224 
1.101010 1.101010 0.894558 0.894558 0.894558 0.009722 0.009722 0.009722 0.009722 0.009722 
1.110101 1.110101 1.180743 1.180743 1.180743 0.895531 0.895531 0.895531 0.895531 0.895531 
0.111010 0.111010 0.332645 0.332645 0.332645 1.270296 1.270296 1.270296 1.270296 1.270296 
1.011101 1.011101 0.000000 0.000000 0.000000 0.459674 0.459674 0.459674 0.459674 0.459674 
1.101110 1.101110 0.438824 0.438824 0.438824 0.045967 0.045967 0.045967 0.045967 0.045967 
0.110111 0.110111 1.099025 1.099025 1.099025 0.443421 0.443421 0.443421 0.443421 0.443421 
1.011011 1.011011 0.000000 0.000000 0.000000 1.143367 1.143367 1.143367 1.143367 1.143367 
0.101101 0.101101 0.000000 0.000000 0.000000 0.114337 0.114337 0.114337 0.114337 0.114337 
1.010110 1.010110 0.000000 0.000000 0.000000 0.011434 0.011434 0.011434 0.011434 0.011434 
1.101011 1.101011 0.995806 0.995806 0.995806 0.001143 0.001143 0.001143 0.001143 0.001143 
1.110101 1.110101 1.199448 1.199448 1.199448 0.995920 0.995920 0.995920 0.995920 0.995920 
1.111010 1.111010 0.234126 0.234126 0.234126 1.299040 1.299040 1.299040 1.299040 1.299040 
1.111101 1.111101 0.000000 0.000000 0.000000 0.364030 0.364030 0.364030 0.364030 0.364030 
1.111110 1.111110 0.730610 0.730610 0.730610 0.036403 0.036403 0.036403 0.036403 0.036403 
1.111111 1.111111 1.147768 1.147768 1.147768 0.734250 0.734250 0.734250 0.734250 0.734250 
0.111111 0.111111 0.491638 0.491638 0.491638 1.221193 1.221193 1.221193 1.221193 1.221193 
1.011111 1.011111 0.000000 0.000000 0.000000 0.613757 0.613757 0.613757 0.613757 0.613757 
0.101111 0.101111 0.291262 0.291262 0.291262 0.061376 0.061376 0.061376 0.061376 0.061376 
0.010111 0.010111 0.068862 0.068862 0.068862 0.297400 0.297400 0.297400 0.297400 0.297400 
0.001011 0.001011 0.000000 0.000000 0.000000 0.098602 0.098602 0.098602 0.098602 0.098602 
1.000101 1.000101 0.000000 0.000000 0.000000 0.009860 0.009860 0.009860 0.009860 0.009860 
0.000000 0.000000 0.000000 0.000000 0.000000 0.000000 0.000000 0.000000 0.000000 0.000000 
1.000000 1.000000 0.000000 0.000000 0.000000 0.000000 0.000000 0.000000 0.000000 0.000000 
0.100000 0.100000 1.000000 1.000000 1.000000 0.000000 0.000000 0.000000 0.000000 0.000000 
1.010000 1.010000 0.200000 0.200000 0.200000 1.000000 1.000000 1.000000 1.000000 1.000000 
0.101000 0.101000 0.030000 0.030000 0.030000 0.300000 0.300000 0.300000 0.300000 0.300000 
0.010100 0.010100 0.000000 0.000000 0.000000 0.060000 0.060000 0.060000 0.060000 0.060000 
0.001010 0.001010 0.000000 0.000000 0.000000 0.006000 0.006000 0.006000 0.006000 0.006000 
1.000101 1.000101 0.000000 0.000000 0.000000 0.000600 0.000600 0.000600 0.000600 0.000600 
1.100010 1.100010 0.998307 0.998307 0.998307 0.000060 0.000060 0.000060 0.000060 0.000060 
1.110001 1.110001 1.199781 1.199781 1.199781 0.998313 0.998313 0.998313 0.998313 0.998313 
0.111000 0.111000 0.231666 0.231666 0.231666 1.299612 1.299612 1.299612 1.299612 1.299612 
1.011100 1.011100 0.000000 0.000000 0.000000 0.361627 0.361627 0.361627 0.361627 0.361627 
1.101110 1.101110 0.532928 0.532928 0.532928 0.036163 0.036163 0.036163 0.036163 0.036163 
0.110111 0.110111 1.118240 1.118240 1.118240 0.536544 0.536544 0.536544 0.536544 0.536544 
1.011011 1.011011 0.000000 0.000000 0.000000 1.171895 1.171895 1.171895 1.171895 1.171895 
0.101101 0.101101 0.000000 0.000000 0.000000 0.117189 0.117189 0.117189 0.117189 0.117189 
0.010110 0.010110 0.000000 0.000000 0.000000 0.011719 0.011719 0.011719 0.011719 0.011719 
0.001011 0.001011 0.000000 0.000000 0.000000 0.001172 0.001172 0.001172 0.001172 0.001172 
0.000101 0.000101 0.000000 0.000000 0.000000 0.000117 0.000117 0.000117 0.000117 0.000117 
1.000010 1.000010 0.000000 0.000000 0.000000 0.000012 0.000012 0.000012 0.000012 0.000012 
0.100001 0.100001 0.999990 0.999990 0.999990 0.000001 0.000001 0.000001 0.000001 0.000001 
0.010000 0.010000 0.199999 0.199999 0.199999 0.999990 0.999990 0.999990 0.999990 0.999990 
0.001000 0.001000 0.000000 0.000000 0.000000 0.299998 0.299998 0.299998 0.299998 0.299998 
0.000100 0.000100 0.000000 0.000000 0.000000 0.030000 0.030000 0.030000 0.030000 0.030000 
0.000010 0.000010 0.000000 0.000000 0.000000 0.003000 0.003000 0.003000 0.003000 0.003000 
1.000001 1.000001 0.000000 0.000000 0.000000 0.000300 0.000300 0.000300 0.000300 0.000300 
0.100000 0.100000 0.998707 0.998707 0.998707 0.000030 0.000030 0.000030 0.000030 0.000030 
1.010000 1.010000 0.199841 0.199841 0.199841 0.998710 0.998710 0.998710 0.998710 0.998710 
0.101000 0.101000 0.031274 0.031274 0.031274 0.299712 0.299712 0.299712 0.299712 0.299712 
0.010100 0.010100 0.000000 0.000000 0.000000 0.061245 0.061245 0.061245 0.061245 0.061245 
0.001010 0.001010 0.000000 0.000000 0.000000 0.006125 0.006125 0.006125 0.006125 0.006125 
1.000101 1.000101 0.000000 0.000000 0.000000 0.000612 0.000612 0.000612 0.000612 0.000612 
1.100010 1.100010 0.998270 0.998270 0.998270 0.000061 0.000061 0.000061 0.000061 0.000061 
0.110001 0.110001 1.199776 1.199776 1.199776 0.998276 0.998276 0.998276 0.998276 0.998276 
1.011000 1.011000 0.000000 0.000000 0.000000 1.299603 1.299603 1.299603 1.299603 1.299603 
0.101100 0.101100 0.000000 0.000000 0.000000 0.129960 0.129960 0.129960 0.129960 0.129960 
0.010110 0.010110 0.000000 0.000000 0.000000 0.012996 0.012996 0.012996 0.012996 0.012996 
0.001011 0.001011 0.000000 0.000000 0.000000 0.001300 0.001300 0.001300 0.001300 0.001300 
0.000101 0.000101 0.000000 0.000000 0.000000 0.000130 0.000130 0.000130 0.000130 0.000130 
0.000010 0.000010 0.000000 0.000000 0.000000 0.000013 0.000013 0.000013 0.000013 0.000013 
1.000001 1.000001 0.000000 0.000000 0.000000 0.000001 0.000001 0.000001 0.000001 0.000001 
1.100000 1.100000 0.999998 0.999998 0.999998 0.000000 0.000000 0.000000 0.000000 0.000000 
0.110000 0.110000 1.200000 1.200000 1.200000 0.999998 0.999998 0.999998 0.999998 0.999998 
1.011000 1.011000 0.000000 0.000000 0.000000 1.300000 1.300000 1.300000 1.300000 1.300000 
0.101100 0.101100 0.000000 0.000000 0.000000 0.130000 0.130000 0.130000 0.130000 0.130000 
0.010110 0.010110 0.000000 0.000000 0.000000 0.013000 0.013000 0.013000 0.013000 0.013000 
0.001011 0.001011 0.000000 0.000000 0.000000 0.001300 0.001300 0.001300 0.001300 0.001300 
1.000101 1.000101 0.000000 0.000000 0.000000 0.000130 0.000130 0.000130 0.000130 0.000130 
0.100010 0.100010 0.999848 0.999848 0.999848 0.000013 0.000013 0.000013 0.000013 0.000013 
1.010001 1.010001 0.199982 0.199982 0.199982 0.999849 0.999849 0.999849 0.999849 0.999849 
1.101000 1.101000 0.030150 0.030150 0.030150 0.299967 0.299967 0.299967 0.299967 0.299967 
0.110100 0.110100 0.804048 0.804048 0.804048 0.060147 0.060147 0.060147 0.060147 0.060147 
1.011010 1.011010 0.130358 0.130358 0.130358 0.810063 0.810063 0.810063 0.810063 0.810063 
0.101101 0.101101 0.213983 0.213983 0.213983 0.211364 0.211364 0.211364 0.211364 0.211364 
1.010110 1.010110 0.000000 0.000000 0.000000 0.235119 0.235119 0.235119 0.235119 0.235119 
0.101011 0.101011 0.766104 0.766104 0.766104 0.023512 0.023512 0.023512 0.023512 0.023512 
1.010101 1.010101 0.154110 0.154110 0.154110 0.768456 0.768456 0.768456 0.768456 0.768456 
1.101010 1.101010 0.257057 0.257057 0.257057 0.230955 0.230955 0.230955 0.230955 0.230955 
0.110101 0.110101 0.895761 0.895761 0.895761 0.280152 0.280152 0.280152 0.280152 0.280152 
1.011010 1.011010 0.000000 0.000000 0.000000 0.923776 0.923776 0.923776 0.923776 0.923776 
1.101101 1.101101 0.079187 0.079187 0.079187 0.092378 0.092378 0.092378 0.092378 0.092378 
0.110110 0.110110 1.016642 1.016642 1.016642 0.088424 0.088424 0.088424 0.088424 0.088424 
0.011011 0.011011 0.123350 0.123350 0.123350 1.025485 1.025485 1.025485 1.025485 1.025485 
1.001101 1.001101 0.000000 0.000000 0.000000 0.225898 0.225898 0.225898 0.225898 0.225898 
1.100110 1.100110 0.674989 0.674989 0.674989 0.022590 0.022590 0.022590 0.022590 0.022590 
0.110011 0.110011 1.145019 1.145019 1.145019 0.677248 0.677248 0.677248 0.677248 0.677248 
0.011001 0.011001 0.000000 0.000000 0.000000 1.212744 1.212744 1.212744 1.212744 1.212744 
0.001100 0.001100 0.000000 0.000000 0.000000 0.121274 0.121274 0.121274 0.121274 0.121274 
0.000110 0.000110 0.000000 0.000000 0.000000 0.012127 0.012127 0.012127 0.012127 0.012127 
0.000011 0.000011 0.000000 0.000000 0.000000 0.001213 0.001213 0.001213 0.001213 0.001213 
0.000001 0.000001 0.000000 0.000000 0.000000 0.000121 0.000121 0.000121 0.000121 0.000121 
0.000000 0.000000 0.000000 0.000000 0.000000 0.000012 0.000012 0.000012 0.000012 0.000012 
1.000000 1.000000 0.000000 0.000000 0.000000 0.000001 0.000001 0.000001 0.000001 0.000001 
1.100000 1.100000 0.999992 0.999992 0.999992 0.000000 0.000000 0.000000 0.000000 0.000000 
1.110000 1.110000 1.199999 1.199999 1.199999 0.999992 0.999992 0.999992 0.999992 0.999992 
1.111000 1.111000 0.230008 0.230008 0.230008 1.299998 1.299998 1.299998 1.299998 1.299998 
1.111100 1.111100 0.000000 0.000000 0.000000 0.360008 0.360008 0.360008 0.360008 0.360008 
1.111110 1.111110 0.734492 0.734492 0.734492 0.036001 0.036001 0.036001 0.036001 0.036001 
1.111111 1.111111 1.148558 1.148558 1.148558 0.738092 0.738092 0.738092 0.738092 0.738092 
0.111111 0.111111 0.487875 0.487875 0.487875 1.222368 1.222368 1.222368 1.222368 1.222368 
0.011111 0.011111 0.000000 0.000000 0.000000 0.610111 0.610111 0.610111 0.610111 0.610111 
0.001111 0.001111 0.000000 0.000000 0.000000 0.061011 0.061011 0.061011 0.061011 0.061011 
1.000111 1.000111 0.000000 0.000000 0.000000 0.006101 0.006101 0.006101 0.006101 0.006101 
1.100011 1.100011 0.980968 0.980968 0.980968 0.000610 0.000610 0.000610 0.000610 0.000610 
1.110001 1.110001 1.197498 1.197498 1.197498 0.981029 0.981029 0.981029 0.981029 0.981029 
1.111000 1.111000 0.248722 0.248722 0.248722 1.295601 1.295601 1.295601 1.295601 1.295601 
1.111100 1.111100 0.000000 0.000000 0.000000 0.378282 0.378282 0.378282 0.378282 0.378282 
1.111110 1.111110 0.716845 0.716845 0.716845 0.037828 0.037828 0.037828 0.037828 0.037828 
0.111111 0.111111 1.144966 1.144966 1.144966 0.720628 0.720628 0.720628 0.720628 0.720628 
1.011111 1.011111 0.000000 0.000000 0.000000 1.217029 1.217029 1.217029 1.217029 1.217029 
0.101111 0.101111 0.000000 0.000000 0.000000 0.121703 0.121703 0.121703 0.121703 0.121703 
0.010111 0.010111 0.000000 0.000000 0.000000 0.012170 0.012170 0.012170 0.012170 0.012170 
1.001011 1.001011 0.000000 0.000000 0.000000 0.001217 0.001217 0.001217 0.001217 0.001217 
1.100101 1.100101 0.999127 0.999127 0.999127 0.000122 0.000122 0.000122 0.000122 0.000122 
1.110010 1.110010 1.199892 1.199892 1.199892 0.999139 0.999139 0.999139 0.999139 0.999139 
0.111001 0.111001 0.230860 0.230860 0.230860 1.299806 1.299806 1.299806 1.299806 1.299806 
0.011100 0.011100 0.000000 0.000000 0.000000 0.360841 0.360841 0.360841 0.360841 0.360841 
1.001110 1.001110 0.000000 0.000000 0.000000 0.036084 0.036084 0.036084 0.036084 0.036084 
1.100111 1.100111 0.918395 0.918395 0.918395 0.003608 0.003608 0.003608 0.003608 0.003608 
0.110011 0.110011 1.188342 1.188342 1.188342 0.918755 0.918755 0.918755 0.918755 0.918755 
0.011001 0.011001 0.000000 0.000000 0.000000 1.280218 1.280218 1.280218 1.280218 1.280218 
0.001100 0.001100 0.000000 0.000000 0.000000 0.128022 0.128022 0.128022 0.128022 0.128022 
1.000110 1.000110 0.000000 0.000000 0.000000 0.012802 0.012802 0.012802 0.012802 0.012802 
0.100011 0.100011 0.961234 0.961234 0.961234 0.001280 0.001280 0.001280 0.001280 0.001280 
1.010001 1.010001 0.194854 0.194854 0.194854 0.961362 0.961362 0.961362 0.961362 0.961362 
0.101000 0.101000 0.068125 0.068125 0.068125 0.290990 0.290990 0.290990 0.290990 0.290990 
1.010100 1.010100 0.000000 0.000000 0.000000 0.097224 0.097224 0.097224 0.097224 0.097224 
1.101010 1.101010 0.894558 0.894558 0.894558 0.009722 0.009722 0.009722 0.009722 0.009722 
1.110101 1.110101 1.180743 1.180743 1.180743 0.895531 0.895531 0.895531 0.895531 0.895531 
0.111010 0.111010 0.332645 0.332645 0.332645 1.270296 1.270296 1.270296 1.270296 1.270296 
1.011101 1.011101 0.000000 0.000000 0.000000 0.459674 0.459674 0.459674 0.459674 0.459674 
1.101110 1.101110 0.438824 0.438824 0.438824 0.045967 0.045967 0.045967 0.045967 0.045967 
0.110111 0.110111 1.099025 1.099025 1.099025 0.443421 0.443421 0.443421 0.443421 0.443421 
1.011011 1.011011 0.000000 0.000000 0.000000 1.143367 1.143367 1.143367 1.143367 1.143367 
0.101101 0.101101 0.000000 0.000000 0.000000 0.114337 0.114337 0.114337 0.114337 0.114337 
1.010110 1.010110 0.000000 0.000000 0.000000 0.011434 0.011434 0.011434 0.011434 0.011434 
1.101011 1.101011 0.995806 0.995806 0.995806 0.001143 0.001143 0.001143 0.001143 0.001143 
1.110101 1.110101 1.199448 1.199448 1.199448 0.995920 0.995920 0.995920 0.995920 0.995920 
1.111010 1.111010 0.234126 0.234126 0.234126 1.299040 1.299040 1.299040 1.299040 1.299040 
1.111101 1.111101 0.000000 0.000000 0.000000 0.364030 0.364030 0.364030 0.364030 0.364030 
1.111110 1.111110 0.730610 0.730610 0.730610 0.036403 0.036403 0.036403 0.036403 0.036403 
1.111111 1.111111 1.147768 1.147768 1.147768 0.734250 0.734250 0.734250 0.734250 0.734250 
0.111111 0.111111 0.491638 0.491638 0.491638 1.221193 1.221193 1.221193 1.221193 1.221193 
1.011111 1.011111 0.000000 0.000000 0.000000 0.613757 0.613757 0.613757 0.613757 0.613757 
0.101111 0.101111 0.291262 0.291262 0.291262 0.061376 0.061376 0.061376 0.061376 0.061376 
0.010111 0.010111 0.068862 0.068862 0.068862 0.297400 0.297400 0.297400 0.297400 0.297400 
0.001011 0.001011 0.000000 0.000000 0.000000 0.098602 0.098602 0.098602 0.098602 0.098602 
1.000101 1.000101 0.000000 0.000000 0.000000 0.009860 0.009860 0.009860 0.009860 0.009860 
0.000000 0.000000 0.000000 0.000000 0.000000 0.000000 0.000000 0.000000 0.000000 0.000000 
1.000000 1.000000 0.000000 0.000000 0.000000 0.000000 0.000000 0.000000 0.000000 0.000000 
0.100000 0.100000 1.000000 1.000000 1.000000 0.000000 0.000000 0.000000 0.000000 0.000000 
1.010000 1.010000 0.200000 0.200000 0.200000 1.000000 1.000000 1.000000 1.000000 1.000000 
0.101000 0.101000 0.030000 0.030000 0.030000 0.300000 0.300000 0.300000 0.300000 0.300000 
0.010100 0.010100 0.000000 0.000000 0.000000 0.060000 0.060000 0.060000 0.060000 0.060000 
0.001010 0.001010 0.000000 0.000000 0.000000 0.006000 0.006000 0.006000 0.006000 0.006000 
1.000101 1.000101 0.000000 0.000000 0.000000 0.000600 0.000600 0.000600 0.000600 0.000600 
1.100010 1.100010 0.998307 0.998307 0.998307 0.000060 0.000060 0.000060 0.000060 0.000060 
1.110001 1.110001 1.199781 1.199781 1.199781 0.998313 0.998313 0.998313 0.998313 0.998313 
0.111000 0.111000 0.231666 0.231666 0.231666 1.299612 1.299612 1.299612 1.299612 1.299612 
1.011100 1.011100 0.000000 0.000000 0.000000 0.361627 0.361627 0.361627 0.361627 0.361627 
1.101110 1.101110 0.532928 0.532928 0.532928 0.036163 0.036163 0.036163 0.036163 0.036163 
0.110111 0.110111 1.118240 1.118240 1.118240 0.536544 0.536544 0.536544 0.536544 0.536544 
1.011011 1.011011 0.000000 0.000000 0.000000 1.171895 1.171895 1.171895 1.171895 1.171895 
0.101101 0.101101 0.000000 0.000000 0.000000 0.117189 0.117189 0.117189 0.117189 0.117189 
0.010110 0.010110 0.000000 0.000000 0.000000 0.011719 0.011719 0.011719 0.011719 0.011719 
0.001011 0.001011 0.000000 0.000000 0.000000 0.001172 0.001172 0.001172 0.001172 0.001172 
0.000101 0.000101 0.000000 0.000000 0.000000 0.000117 0.000117 0.000117 0.000117 0.000117 
1.000010 1.000010 0.000000 0.000000 0.000000 0.000012 0.000012 0.000012 0.000012 0.000012 
0.100001 0.100001 0.999990 0.999990 0.999990 0.000001 0.000001 0.000001 0.000001 0.000001 
0.010000 0.010000 0.199999 0.199999 0.199999 0.999990 0.999990 0.999990 0.999990 0.999990 
0.001000 0.001000 0.000000 0.000000 0.000000 0.299998 0.299998 0.299998 0.299998 0.299998 
0.000100 0.000100 0.000000 0.000000 0.000000 0.030000 0.030000 0.030000 0.030000 0.030000 
0.000010 0.000010 0.000000 0.000000 0.000000 0.003000 0.003000 0.003000 0.003000 0.003000 
1.000001 1.000001 0.000000 0.000000 0.000000 0.000300 0.000300 0.000300 0.000300 0.000300 
0.100000 0.100000 0.998707 0.998707 0.998707 0.000030 0.000030 0.000030 0.000030 0.000030 
1.010000 1.010000 0.199841 0.199841 0.199841 0.998710 0.998710 0.998710 0.998710 0.998710 
0.101000 0.101000 0.031274 0.031274 0.031274 0.299712 0.299712 0.299712 0.299712 0.299712 
0.010100 0.010100 0.000000 0.000000 0.000000 0.061245 0.061245 0.061245 0.061245 0.061245 
0.001010 0.001010 0.000000 0.000000 0.000000 0.006125 0.006125 0.006125 0.006125 0.006125 
1.000101 1.000101 0.000000 0.000000 0.000000 0.000612 0.000612 0.000612 0.000612 0.000612 
1.100010 1.100010 0.998270 0.998270 0.998270 0.000061 0.000061 0.000061 0.000061 0.000061 
0.110001 0.110001 1.199776 1.199776 1.199776 0.998276 0.998276 0.998276 0.998276 0.998276 
1.011000 1.011000 0.000000 0.000000 0.000000 1.299603 1.299603 1.299603 1.299603 1.299603 
0.101100 0.101100 0.000000 0.000000 0.000000 0.129960 0.129960 0.129960 0.129960 0.129960 
0.010110 0.010110 0.000000 0.000000 0.000000 0.012996 0.012996 0.012996 0.012996 0.012996 
0.001011 0.001011 0.000000 0.000000 0.000000 0.001300 0.001300 0.001300 0.001300 0.001300 
0.000101 0.000101 0.000000 0.000000 0.000000 0.000130 0.000130 0.000130 0.000130 0.000130 
0.000010 0.000010 0.000000 0.000000 0.000000 0.000013 0.000013 0.000013 0.000013 0.000013 
1.000001 1.000001 0.000000 0.000000 0.000000 0.000001 0.000001 0.000001 0.000001 0.000001 
1.100000 1.100000 0.999998 0.999998 0.999998 0.000000 0.000000 0.000000 0.000000 0.000000 
0.110000 0.110000 1.200000 1.200000 1.200000 0.999998 0.999998 0.999998 0.999998 0.999998 
1.011000 1.011000 0.000000 0.000000 0.000000 1.300000 1.300000 1.300000 1.300000 1.300000 
0.101100 0.101100 0.000000 0.000000 0.000000 0.130000 0.130000 0.130000 0.130000 0.130000 
0.010110 0.010110 0.000000 0.000000 0.000000 0.013000 0.013000 0.013000 0.013000 0.013000 
0.001011 0.001011 0.000000 0.000000 0.000000 0.001300 0.001300 0.001300 0.001300 0.001300 
1.000101 1.000101 0.000000 0.000000 0.000000 0.000130 0.000130 0.000130 0.000130 0.000130 
0.100010 0.100010 0.999848 0.999848 0.999848 0.000013 0.000013 0.000013 0.000013 0.000013 
1.010001 1.010001 0.199982 0.199982 0.199982 0.999849 0.999849 0.999849 0.999849 0.999849 
1.101000 1.101000 0.030150 0.030150 0.030150 0.299967 0.299967 0.299967 0.299967 0.299967 
0.110100 0.110100 0.804048 0.804048 0.804048 0.060147 0.060147 0.060147 0.060147 0.060147 
1.011010 1.011010 0.130358 0.130358 0.130358 0.810063 0.810063 0.810063 0.810063 0.810063 
0.101101 0.101101 0.213983 0.213983 0.213983 0.211364 0.211364 0.211364 0.211364 0.211364 
1.010110 1.010110 0.000000 0.000000 0.000000 0.235119 0.235119 0.235119 0.235119 0.235119 
0.101011 0.101011 0.766104 0.766104 0.766104 0.023512 0.023512 0.023512 0.023512 0.023512 
1.010101 1.010101 0.154110 0.154110 0.154110 0.768456 0.768456 0.768456 0.768456 0.768456 
1.101010 1.101010 0.257057 0.257057 0.257057 0.230955 0.230955 0.230955 0.230955 0.230955 
0.110101 0.110101 0.895761 0.895761 0.895761 0.280152 0.280152 0.280152 0.280152 0.280152 
1.011010 1.011010 0.000000 0.000000 0.000000 0.923776 0.923776 0.923776 0.923776 0.923776 
1.101101 1.101101 0.079187 0.079187 0.079187 0.092378 0.092378 0.092378 0.092378 0.092378 
0.110110 0.110110 1.016642 1.016642 1.016642 0.088424 0.088424 0.088424 0.088424 0.088424 
0.011011 0.011011 0.123350 0.123350 0.123350 1.025485 1.025485 1.025485 1.025485 1.025485 
1.001101 1.001101 0.000000 0.000000 0.000000 0.225898 0.225898 0.225898 0.225898 0.225898 
1.100110 1.100110 0.674989 0.674989 0.674989 0.022590 0.022590 0.022590 0.022590 0.022590 
0.110011 0.110011 1.145019 1.145019 1.145019 0.677248 0.677248 0.677248 0.677248 0.677248 
0.011001 0.011001 0.000000 0.000000 0.000000 1.212744 1.212744 1.212744 1.212744 1.212744 
0.001100 0.001100 0.000000 0.000000 0.000000 0.121274 0.121274 0.121274 0.121274 0.121274 
0.000110 0.000110 0.000000 0.000000 0.000000 0.012127 0.012127 0.012127 0.012127 0.012127 
0.000011 0.000011 0.000000 0.000000 0.000000 0.001213 0.001213 0.001213 0.001213 0.001213 
0.000001 0.000001 0.000000 0.000000 0.000000 0.000121 0.000121 0.000121 0.000121 0.000121 
0.000000 0.000000 0.000000 0.000000 0.000000 0.000012 0.000012 0.000012 0.000012 0.000012 
1.000000 1.000000 0.000000 0.000000 0.000000 0.000001 0.000001 0.000001 0.000001 0.000001 
1.100000 1.100000 0.999992 0.999992 0.999992 0.000000 0.000000 0.000000 0.000000 0.000000 
1.110000 1.110000 1.199999 1.199999 1.199999 0.999992 0.999992 0.999992 0.999992 0.999992 
1.111000 1.111000 0.230008 0.230008 0.230008 1.299998 1.299998 1.299998 1.299998 1.299998 
1.111100 1.111100 0.000000 0.000000 0.000000 0.360008 0.360008 0.360008 0.360008 0.360008 
1.111110 1.111110 0.734492 0.734492 0.734492 0.036001 0.036001 0.036001 0.036001 0.036001 
1.111111 1.111111 1.148558 1.148558 1.148558 0.738092 0.738092 0.738092 0.738092 0.738092 
0.111111 0.111111 0.487875 0.487875 0.487875 1.222368 1.222368 1.222368 1.222368 1.222368 
0.011111 0.011111 0.000000 0.000000 0.000000 0.610111 0.610111 0.610111 0.610111 0.610111 
0.001111 0.001111 0.000000 0.000000 0.000000 0.061011 0.061011 0.061011 0.061011 0.061011 
1.000111 1.000111 0.000000 0.000000 0.000000 0.006101 0.006101 0.006101 0.006101 0.006101 
1.100011 1.100011 0.980968 0.980968 0.980968 0.000610 0.000610 0.000610 0.000610 0.000610 
1.110001 1.110001 1.197498 1.197498 1.197498 0.981029 0.981029 0.981029 0.981029 0.981029 
1.111000 1.111000 0.248722 0.248722 0.248722 1.295601 1.295601 1.295601 1.295601 1.295601 
1.111100 1.111100 0.000000 0.000000 0.000000 0.378282 0.378282 0.378282 0.378282 0.378282 
1.111110 1.111110 0.716845 0.716845 0.716845 0.037828 0.037828 0.037828 0.037828 0.037828 
0.111111 0.111111 1.144966 1.144966 1.144966 0.720628 0.720628 0.720628 0.720628 0.720628 
1.011111 1.011111 0.000000 0.000000 0.000000 1.217029 1.217029 1.217029 1.217029 1.217029 
0.101111 0.101111 0.000000 0.000000 0.000000 0.121703 0.121703 0.121703 0.121703 0.121703 
0.010111 0.010111 0.000000 0.000000 0.000000 0.012170 0.012170 0.012170 0.012170 0.012170 
1.001011 1.001011 0.000000 0.000000 0.000000 0.001217 0.001217 0.001217 0.001217 0.001217 
1.100101 1.100101 0.999127 0.999127 0.999127 0.000122 0.000122 0.000122 0.000122 0.000122 
1.110010 1.110010 1.199892 1.199892 1.199892 0.999139 0.999139 0.999139 0.999139 0.999139 
0.111001 0.111001 0.230860 0.230860 0.230860 1.299806 1.299806 1.299806 1.299806 1.299806 
0.011100 0.011100 0.000000 0.000000 0.000000 0.360841 0.360841 0.360841 0.360841 0.360841 
1.001110 1.001110 0.000000 0.000000 0.000000 0.036084 0.036084 0.036084 0.036084 0.036084 
1.100111 1.100111 0.918395 0.918395 0.918395 0.003608 0.003608 0.003608 0.003608 0.003608 
0.110011 0.110011 1.188342 1.188342 1.188342 0.918755 0.918755 0.918755 0.918755 0.918755 
0.011001 0.011001 0.000000 0.000000 0.000000 1.280218 1.280218 1.280218 1.280218 1.280218 
0.001100 0.001100 0.000000 0.000000 0.000000 0.128022 0.128022 0.128022 0.128022 0.128022 
1.000110 1.000110 0.000000 0.000000 0.000000 0.012802 0.012802 0.012802 0.012802 0.012802 
0.100011 0.100011 0.961234 0.961234 0.961234 0.001280 0.001280 0.001280 0.001280 0.001280 
1.010001 1.010001 0.194854 0.194854 0.194854 0.961362 0.961362 0.961362 0.961362 0.961362 
0.101000 0.101000 0.068125 0.068125 0.068125 0.290990 0.290990 0.290990 0.290990 0.290990 
1.010100 1.010100 0.000000 0.000000 0.000000 0.097224 0.097224 0.097224 0.097224 0.097224 
1.101010 1.101010 0.894558 0.894558 0.894558 0.009722 0.009722 0.009722 0.009722 0.009722 
1.110101 1.110101 1.180743 1.180743 1.180743 0.895531 0.895531 0.895531 0.895531 0.895531 
0.111010 0.111010 0.332645 0.332645 0.332645 1.270296 1.270296 1.270296 1.270296 1.270296 
1.011101 1.011101 0.000000 0.000000 0.000000 0.459674 0.459674 0.459674 0.459674 0.459674 
1.101110 1.101110 0.438824 0.438824 0.438824 0.045967 0.045967 0.045967 0.045967 0.045967 
0.110111 0.110111 1.099025 1.099025 1.099025 0.443421 0.443421 0.443421 0.443421 0.443421 
1.011011 1.011011 0.000000 0.000000 0.000000 1.143367 1.143367 1.143367 1.143367 1.143367 
0.101101 0.101101 0.000000 0.000000 0.000000 0.114337 0.114337 0.114337 0.114337 0.114337 
1.010110 1.010110 0.000000 0.000000 0.000000 0.011434 0.011434 0.011434 0.011434 0.011434 
1.101011 1.101011 0.995806 0.995806 0.995806 0.001143 0.001143 0.001143 0.001143 0.001143 
1.110101 1.110101 1.199448 1.199448 1.199448 0.995920 0.995920 0.995920 0.995920 0.995920 
1.111010 1.111010 0.234126 0.234126 0.234126 1.299040 1.299040 1.299040 1.299040 1.299040 
1.111101 1.111101 0.000000 0.000000 0.000000 0.364030 0.364030 0.364030 0.364030 0.364030 
1.111110 1.111110 0.730610 0.730610 0.730610 0.036403 0.036403 0.036403 0.036403 0.036403 
1.111111 1.111111 1.147768 1.147768 1.147768 0.734250 0.734250 0.734250 0.734250 0.734250 
0.111111 0.111111 0.491638 0.491638 0.491638 1.221193 1.221193 1.221193 1.221193 1.221193 
1.011111 1.011111 0.000000 0.000000 0.000000 0.613757 0.613757 0.613757 0.613757 0.613757 
0.101111 0.101111 0.291262 0.291262 0.291262 0.061376 0.061376 0.061376 0.061376 0.061376 
0.010111 0.010111 0.068862 0.068862 0.068862 0.297400 0.297400 0.297400 0.297400 0.297400 
0.001011 0.001011 0.000000 0.000000 0.000000 0.098602 0.098602 0.098602 0.098602 0.098602 
1.000101 1.000101 0.000000 0.000000 0.000000 0.009860 0.009860 0.009860 0.009860 0.009860 
