numberOfInputs 2
numberOfOutputs 2
numberOfInterNeurons 6
networkDimension 10
networkActivations
1.000101 1.000101 -0.125631 -0.125631 -0.125631 0.009860 0.009860 0.009860 0.009860 0.009860 
networkOutputs
1.000101 1.000101 0.000000 0.000000 0.000000 0.009860 0.009860 0.009860 0.009860 0.009860 
neuronThreshold
0.000000 0.000000 0.000000 0.000000 0.000000 0.000000 0.000000 0.000000 0.000000 0.000000 
neuronLearningRate
0.000000 0.000000 0.250000 0.250000 0.250000 0.000000 0.000000 0.000000 0.000000 0.000000 
neuronRefactoryState
0.000000 0.000000 0.000000 0.000000 0.000000 0.000000 0.000000 0.000000 0.000000 0.000000 
neuronWeightTotal
1.000000 1.000000 1.000000 1.000000 1.000000 1.000000 1.000000 1.000000 1.000000 1.000000 
networkweights
0.100000 0.000000 1.000000 0.500000 0.000000 0.000000 0.000000 0.000000 0.000000 0.000000 
0.000000 0.100000 0.000000 0.500000 1.000000 0.000000 0.000000 0.000000 0.000000 0.000000 
0.000000 0.000000 0.100000 0.000000 0.000000 1.000000 0.000000 0.000000 0.750000 0.000000 
0.000000 0.000000 0.000000 0.100000 0.000000 0.000000 1.000000 0.000000 0.250000 0.250000 
0.000000 0.000000 0.000000 0.000000 0.100000 0.000000 0.000000 1.000000 0.000000 0.750000 
0.000000 0.000000 0.000000 -0.500000 -0.500000 0.100000 0.000000 0.000000 0.000000 0.000000 
0.000000 0.000000 -0.500000 0.000000 -0.500000 0.000000 0.100000 0.000000 0.000000 0.000000 
0.000000 0.000000 -0.500000 -0.500000 0.000000 0.000000 0.000000 0.100000 0.000000 0.000000 
0.000000 0.000000 0.000000 0.000000 0.000000 0.000000 0.000000 0.000000 0.100000 0.000000 
0.000000 0.000000 0.000000 0.000000 0.000000 0.000000 0.000000 0.000000 0.000000 0.100000 

networkinputs
1.000000 1.000000 
networkoutputs
0.009860 0.009860 
networkplasticweightsmask
0 0 0 0 0 0 0 0 0 0 
0 0 0 0 0 0 0 0 0 0 
0 0 0 0 0 0 0 0 0 0 
0 0 0 0 0 0 0 0 0 0 
0 0 0 0 0 0 0 0 0 0 
0 0 0 0 0 0 0 0 0 0 
0 0 0 0 0 0 0 0 0 0 
0 0 0 0 0 0 0 0 0 0 
0 0 0 0 0 0 0 0 0 0 
0 0 0 0 0 0 0 0 0 0 

