19.715117 0.000000
0.000000 0.000000
0.000000 0.000000
32.000008 32.000008
41.600010 41.600010
11.520003 11.520003
1.152000 1.152000
23.619206 23.619206
39.115849 39.115849
19.523333 19.523333
1.952333 1.952333
16.027554 16.027554
36.789218 36.789218
26.725578 26.725578
3.743569 3.743569
9.311444 9.311444
33.636848 33.636848
32.878375 32.878375
8.158023 8.158023
3.980009 3.980009
28.111963 28.111963
37.158147 37.158147
14.594111 14.594111
1.459411 1.459411
21.055919 21.055919
38.292742 38.292742
21.947635 21.947635
2.194763 2.194763
13.734871 13.734871
36.085827 36.085827
28.900509 28.900509
4.888980 4.888980
7.343846 7.343846
32.086463 32.086463
34.555572 34.555572
10.059351 10.059351
2.666306 2.666306
25.928881 25.928881
38.048371 38.048371
16.977069 16.977069
1.697707 1.697707
18.630708 18.630708
37.567022 37.567022
24.251954 24.251954
2.463263 2.463263
11.553743 11.553743
35.378417 35.378417
30.961967 30.961967
6.015756 6.015756
5.487129 5.487129
30.577076 30.577076
36.128979 36.128979
11.898513 11.898513
1.444998 1.444998
23.827066 23.827066
38.861529 38.861529
19.262534 19.262534
1.926253 1.926253
16.308823 16.308823
36.871813 36.871813
26.458015 26.458015
3.606636 3.606636
9.554296 9.554296
33.823721 33.823721
32.670469 32.670469
7.927700 7.927700
4.143930 4.143930
28.377373 28.377373
37.045669 37.045669
14.303551 14.303551
1.430355 1.430355
21.352028 21.352028
38.381311 38.381311
21.666278 21.666278
2.166628 2.166628
14.001655 14.001655
36.167601 36.167601
28.647412 28.647412
4.755770 4.755770
7.572831 7.572831
32.266803 32.266803
34.360365 34.360365
9.838166 9.838166
2.819229 2.819229
26.182862 26.182862
37.944715 37.944715
16.699816 16.699816
1.669982 1.669982
18.912884 18.912884
37.651459 37.651459
23.983843 23.983843
2.398384 2.398384
11.804157 11.804157
35.494027 35.494027
30.732171 30.732171
5.853031 5.853031
5.686678 5.686678
30.781339 30.781339
35.968287 35.968287
11.660070 11.660070